% -------------------------------------------------------------------
%  Generated by MATLAB on 25-May-2025 17:40:14
%  MATLAB version: 9.14.0.2306882 (R2023a) Update 4
% -------------------------------------------------------------------
                                      

wecs = struct;
wecs.N = 3;
wecs.Ng = 97;
wecs.mh = 56780;
wecs.mbl = 17740;
wecs.mb = 4435;
wecs.mn = 240000;
wecs.mtower = 347460;
wecs.mr = 110000;
wecs.mt = 436865;
wecs.mtb = 450170;
wecs.H = 90;
wecs.Jg = 534.116;
wecs.Jr = 3.8759E+7;
wecs.JrL = 3.8759E+7;
wecs.Js = 4.3784497444E+7;
wecs.wnb = 4.3938314853106846;
wecs.wnt = 2.0357520395261859;
wecs.wntsw = 1.9603538158400309;
wecs.zetat = 0.01;
wecs.zetab = 0.00477465;
wecs.Kt = 1.8104936634726375E+6;
wecs.Bt = 17786.976294952143;
wecs.Ktsw = 1.6788665521364924E+6;
wecs.Btsw = 17128.199395139105;
wecs.Kb = 85621.023962998748;
wecs.Bb = 186.0837965368739;
wecs.Ks = 8.67637E+8;
wecs.Bs = 6.215E+6;
wecs.Rr = 63;
wecs.rb = 47.25;
wecs.etag = 0.944;

